1.4472086940	

0.0586614164	
0.0064418213	
-0.0180300041	
-0.0272728791	
-0.0776206020	
-0.0199506999	
-0.0601240649	
-0.3442933144	
0.0601240649	
-0.3442933144	
0.0776206020	
-0.0199506999	
0.0180300041	
-0.0272728791	
-0.0586614164	
0.0064418213	
-0.0176416023	
-0.0028106237	
0.0116380943	
0.0268398096	
-0.0347270630	
0.0222961879	
0.0149344227	
0.3398634310	
-0.0149344227	
0.3398634310	
0.0347270630	
0.0222961879	
-0.0116380943	
0.0268398096	
0.0176416023	
-0.0028106237	
-0.0536046480	
0.0051550253	
-0.0105666039	
-0.0281677873	
0.0647859351	
-0.0285888200	
0.0574069172	
-0.3395468490	
-0.0574069172	
-0.3395468490	
-0.0647859351	
-0.0285888200	
0.0105666039	
-0.0281677873	
0.0536046480	
0.0051550253	
0.0125677968	
-0.0132083305	
0.0163052608	
0.0285436955	
0.0483675324	
0.0350995861	
-0.0233405792	
0.3395997471	
0.0233405792	
0.3395997471	
-0.0483675324	
0.0350995861	
-0.0163052608	
0.0285436955	
-0.0125677968	
-0.0132083305	

